0.13224694453149483
0.10012535255405829
0.0755640864932623
0.07544656847383266
0.07117674710122218
0.06863052334691319
0.06816045126919461
0.06306800376057663
0.05785803823252899
0.04050454403008461
0.03607803196490129
0.027146662488248197
0.02503133813851457
0.024091193983077405
0.023346913193356314
0.022250078345346286
0.020918207458476966
0.018607019743027264
0.016178314008147916
0.012456910059542463
0.00932309620808524
0.005875900971482294
0.00199780633030398
0.0013710435600125352
0.0008226261360075211
0.0007051081165778753