0.1536847242557345
0.08228404099560761
0.07657393850658858
0.07554904831625182
0.07525622254758418
0.07179111761835041
0.06608101512933139
0.061005368472425575
0.05217179111761835
0.0513909224011713
0.03474865788189361
0.03269887750122011
0.031527574426549534
0.030502684236212788
0.018545632015617375
0.01839921913128355
0.012445095168374817
0.009028794533918985
0.007223035627135188
0.007125427037579307
0.007076622742801367
0.004099560761346999
0.004050756466569058
0.0035627135187896535
0.0035627135187896535
0.003318692044899951
0.001903367496339678
0.0007808687164470473
0.0004880429477794046
0.0004880429477794046
0.0003416300634455832
0.0002440214738897023
0.00019521717911176182
0.00014641288433382137
0.0