0.17258710603884816
0.10316680523014134
0.0831380848008465
0.0785277000982541
0.06601919733958128
0.06133323255989721
0.051545612576524825
0.051318872345249796
0.047653238606303376
0.038923739702214494
0.03608948681127655
0.030232030836671454
0.030118660721033936
0.022862973320232786
0.02161590204822009
0.019386289774015568
0.017912478270727835
0.014813695109969011
0.013566623837956315
0.01163933187211851
0.0070289471695261126
0.005215025319325826
0.004685964779684075
0.004383644471317361
0.002154032197112841
0.002040662081475323
0.0006046406167334291
0.0002267402312750359
0.00011337011563751795