0.08822863261062037
0.08384293862087426
0.07883954125229065
0.07758354438198777
0.05664339983939712
0.05221652562439517
0.046368933638067
0.044886445528857045
0.043815759672205405
0.042950974941832934
0.04043898120122717
0.03922416455618012
0.03570325529680647
0.029773302859966645
0.028311404863384602
0.026417114501616323
0.02466695492824346
0.02341095805794058
0.022587353552823933
0.018036938662054483
0.015442584470937055
0.01295118084295921
0.012024625774702988
0.01006856507505096
0.009780303498260135
0.00881256820474808
0.008586076965841002
0.008194864825910598
0.003850351061420306
0.0034385488088619844
0.0012148166450470484
0.0004735725904420697
0.00037062202730248935
0.00014413078839541253